0
0
0
0
0
0
0
0
0
0
0
0
0
0
0
0.25
0.25
0.5
0.5
0.75
0.75
1
1
1.25
1.25
1.5
1.5
1.75
1.75
2
2
2.25
2.25
2.5
2.5
2.75
2.75
3
3
3.25
3.25
3.5
3.5
3.75
3.75
4
4
4.25
4.25
4.5
4.5
4.75
4.75
5
5
5.25
5.25
5.5
5.5
5.75
5.75
6
6
6.25
6.25
6.5
6.5
6.75
6.75
7
7
7.25
7.25
7.5
7.5
7.75
7.75
8
8
8.25
8.25
8.375
8.375
8.5
8.5
8.625
8.625
8.75
8.75
8.875
8.875
9
9
9.25
9.25
9.375
9.375
9.5
9.5
9.625
9.625
9.75
9.75
9.875
9.875
10
10
10.25
10.25
10.375
10.375
10.5
10.5
10.625
10.625
10.75
10.75
10.875
10.875
11
11
11.25
11.25
11.375
11.375
11.5
11.5
11.625
11.625
11.75
11.75
11.875
11.875
12
12
12.25
12.25
12.375
12.375
12.5
12.5
12.625
12.625
12.75
12.75
12.875
12.875
13
13
13.25
13.25
13.375
13.375
13.5
13.5
13.625
13.625
13.75
13.75
13.875
13.875
14
14
14.25
14.25
14.375
14.375
14.5
14.5
14.625
14.625
14.75
14.75
14.875
14.875
15
15
15.25
15.25
15.375
15.375
15.5
15.5
15.625
15.625
15.75
15.75
15.875
15.875
16
16
16.25
16.25
16.5
16.5
16.75
16.75
17
17
17.25
17.25
17.5
17.5
17.75
17.75
18
18
18.25
18.25
18.5
18.5
18.75
18.75
19
19
19.25
19.25
19.5
19.5
19.75
19.75
20
20
20.25
20.25
20.5
20.5
20.75
20.75
21
21
21.25
21.25
21.5
21.5
21.75
21.75
22
22
22.25
22.25
22.5
22.5
22.75
22.75
23
23
23.25
23.25
23.5
23.5
23.75
23.75
24
24
24.125
24.125
24.25
24.25
24.375
24.375
24.5
24.5
24.625
24.625
24.75
24.75
24.875
24.875
25
25
25.125
25.125
25.25
25.25
25.375
25.375
25.5
25.5
25.625
25.625
25.75
25.75
25.875
25.875
26
26
26.125
26.125
26.25
26.25
26.375
26.375
26.5
26.5
26.625
26.625
26.75
26.75
26.875
26.875
27
27
27.125
27.125
27.25
27.25
27.375
27.375
27.5
27.5
27.625
27.625
27.75
27.75
27.875
27.875
28
28
28.125
28.125
28.25
28.25
28.375
28.375
28.5
28.5
28.625
28.625
28.75
28.75
28.875
28.875
29
29
29.125
29.125
29.25
29.25
29.375
29.375
29.5
29.5
29.625
29.625
29.75
29.75
29.875
29.875
30
30
30.125
30.125
30.25
30.25
30.375
30.375
30.5
30.5
30.625
30.625
30.75
30.75
30.875
30.875
31
31
31.125
31.125
31.25
31.25
31.375
31.375
31.5
31.5
31.625
31.625
31.75
31.75
31.875
31.875
32
32
32.25
32.25
32.5
32.5
32.75
32.75
33
33
33.25
33.25
33.5
33.5
33.75
33.75
34
34
34.25
34.25
34.5
34.5
34.75
34.75
35
35
35.25
35.25
35.5
35.5
35.75
35.75
36
36
36.25
36.25
36.5
36.5
36.75
36.75
37
37
37.25
37.25
37.5
37.5
37.75
37.75
38
38
38.25
38.25
38.5
38.5
38.75
38.75
39
39
39.25
39.25
39.5
39.5
39.75
39.75
40
40
40.125
40.125
40.25
40.25
40.375
40.375
40.5
40.5
40.625
40.625
40.75
40.75
40.875
40.875
41
41
41.125
41.125
41.25
41.25
41.375
41.375
41.5
41.5
41.625
41.625
41.75
41.75
41.875
41.875
42
42
42.125
42.125
42.25
42.25
42.375
42.375
42.5
42.5
42.625
42.625
42.75
42.75
42.875
42.875
43
43
43.125
43.125
43.25
43.25
43.375
43.375
43.5
43.5
43.625
43.625
43.75
43.75
43.875
43.875
44
44
44.125
44.125
44.25
44.25
44.375
44.375
44.5
44.5
44.625
44.625
44.75
44.75
44.875
44.875
45
45
45.125
45.125
45.25
45.25
45.375
45.375
45.5
45.5
45.625
45.625
45.75
45.75
45.875
45.875
46
46
46.125
46.125
46.25
46.25
46.375
46.375
46.5
46.5
46.625
46.625
46.75
46.75
46.875
46.875
47
47
47.125
47.125
47.25
47.25
47.375
47.375
47.5
47.5
47.625
47.625
47.75
47.75
47.875
47.875
48
48
48.0625
48.0625
48.125
48.125
48.1875
48.1875
48.25
48.25
48.3125
48.3125
48.375
48.375
48.4375
48.4375
48.5
48.5
48.5625
48.5625
48.625
48.625
48.6875
48.6875
48.75
48.75
48.8125
48.8125
48.875
48.875
48.9375
48.9375
49
49
49.0625
49.0625
49.125
49.125
49.1875
49.1875
49.25
49.25
49.3125
49.3125
49.375
49.375
49.4375
49.4375
49.5
49.5
49.5625
49.5625
49.625
49.625
49.6875
49.6875
49.75
49.75
49.8125
49.8125
49.875
49.875
49.9375
49.9375
50
50
50.0625
50.0625
50.125
50.125
50.1875
50.1875
50.25
50.25
50.3125
50.3125
50.375
50.375
50.4375
50.4375
50.5
50.5
50.5625
50.5625
50.625
50.625
50.6875
50.6875
50.75
50.75
50.8125
50.8125
50.875
50.875
50.9375
50.9375
51
51
51.0625
51.0625
51.125
51.125
51.1875
51.1875
51.25
51.25
51.3125
51.3125
51.375
51.375
51.4375
51.4375
51.5
51.5
51.5625
51.5625
51.625
51.625
51.6875
51.6875
51.75
51.75
51.8125
51.8125
51.875
51.875
51.9375
51.9375
52
52
52.0625
52.0625
52.125
52.125
52.1875
52.1875
52.25
52.25
52.3125
52.3125
52.375
52.375
52.4375
52.4375
52.5
52.5
52.5625
52.5625
52.625
52.625
52.6875
52.6875
52.75
52.75
52.8125
52.8125
52.875
52.875
52.9375
52.9375
53
53
53.0625
53.0625
53.125
53.125
53.1875
53.1875
53.25
53.25
53.3125
53.3125
53.375
53.375
53.4375
53.4375
53.5
53.5
53.5625
53.5625
53.625
53.625
53.6875
53.6875
53.75
53.75
53.8125
53.8125
53.875
53.875
53.9375
53.9375
54
54
54.0625
54.0625
54.125
54.125
54.1875
54.1875
54.25
54.25
54.3125
54.3125
54.375
54.375
54.4375
54.4375
54.5
54.5
54.5625
54.5625
54.625
54.625
54.6875
54.6875
54.75
54.75
54.8125
54.8125
54.875
54.875
54.9375
54.9375
55
55
55.0625
55.0625
55.125
55.125
55.1875
55.1875
55.25
55.25
55.3125
55.3125
55.375
55.375
55.4375
55.4375
55.5
55.5
55.5625
55.5625
55.625
55.625
55.6875
55.6875
55.75
55.75
55.8125
55.8125
55.875
55.875
55.9375
55.9375
56
56
56.125
56.125
56.25
56.25
56.375
56.375
56.5
56.5
56.625
56.625
56.75
56.75
56.875
56.875
57
57
57.125
57.125
57.25
57.25
57.375
57.375
57.5
57.5
57.625
57.625
57.75
57.75
57.875
57.875
58
58
58.125
58.125
58.25
58.25
58.375
58.375
58.5
58.5
58.625
58.625
58.75
58.75
58.875
58.875
59
59
59.125
59.125
59.25
59.25
59.375
59.375
59.5
59.5
59.625
59.625
59.75
59.75
59.875
59.875
60
60
60.125
60.125
60.25
60.25
60.375
60.375
60.5
60.5
60.625
60.625
60.75
60.75
60.875
60.875
61
61
61.125
61.125
61.25
61.25
61.375
61.375
61.5
61.5
61.625
61.625
61.75
61.75
61.875
61.875
62
62
62.125
62.125
62.25
62.25
62.375
62.375
62.5
62.5
62.625
62.625
62.75
62.75
62.875
62.875
63
63
63.125
63.125
63.25
63.25
63.375
63.375
63.5
63.5
63.625
63.625
63.75
63.75
63.875
63.875
64
64
64.125
64.125
64.25
64.25
64.375
64.375
64.5
64.5
64.625
64.625
64.75
64.75
64.875
64.875
65
65
65.125
65.125
65.25
65.25
65.375
65.375
65.5
65.5
65.625
65.625
65.75
65.75
65.875
65.875
66
66
66.125
66.125
66.25
66.25
66.375
66.375
66.5
66.5
66.625
66.625
66.75
66.75
66.875
66.875
67
67
67.125
67.125
67.25
67.25
67.375
67.375
67.5
67.5
67.625
67.625
67.75
67.75
67.875
67.875
68
68
68.125
68.125
68.25
68.25
68.375
68.375
68.5
68.5
68.625
68.625
68.75
68.75
68.875
68.875
69
69
69.125
69.125
69.25
69.25
69.375
69.375
69.5
69.5
69.625
69.625
69.75
69.75
69.875
69.875
70
70
70.125
70.125
70.25
70.25
70.375
70.375
70.5
70.5
70.625
70.625
70.75
70.75
70.875
70.875
71
71
71.125
71.125
71.25
71.25
71.375
71.375
71.5
71.5
71.625
71.625
71.75
71.75
71.875
71.875
72
72
72.25
72.25
72.5
72.5
72.75
72.75
73
73
73.25
73.25
73.5
73.5
73.75
73.75
74
74
74.25
74.25
74.5
74.5
74.75
74.75
75
75
75.25
75.25
75.5
75.5
75.75
75.75
76
76
76.25
76.25
76.5
76.5
76.75
76.75
77
77
77.25
77.25
77.5
77.5
77.75
77.75
78
78
78.25
78.25
78.5
78.5
78.75
78.75
79
79
79.25
79.25
79.5
79.5
79.75
79.75
80
80
80.25
80.25
80.375
80.375
80.5
80.5
80.625
80.625
80.75
80.75
80.875
80.875
81
81
81.25
81.25
81.375
81.375
81.5
81.5
81.625
81.625
81.75
81.75
81.875
81.875
82
82
82.25
82.25
82.375
82.375
82.5
82.5
82.625
82.625
82.75
82.75
82.875
82.875
83
83
83.25
83.25
83.375
83.375
83.5
83.5
83.625
83.625
83.75
83.75
83.875
83.875
84
84
84.25
84.25
84.375
84.375
84.5
84.5
84.625
84.625
84.75
84.75
84.875
84.875
85
85
85.25
85.25
85.375
85.375
85.5
85.5
85.625
85.625
85.75
85.75
85.875
85.875
86
86
86.25
86.25
86.375
86.375
86.5
86.5
86.625
86.625
86.75
86.75
86.875
86.875
87
87
87.25
87.25
87.375
87.375
87.5
87.5
87.625
87.625
87.75
87.75
87.875
87.875
88
88
88.25
88.25
88.5
88.5
88.75
88.75
89
89
89.25
89.25
89.5
89.5
89.75
89.75
90
90
90.25
90.25
90.5
90.5
90.75
90.75
91
91
91.25
91.25
91.5
91.5
91.75
91.75
92
92
92.25
92.25
92.5
92.5
92.75
92.75
93
93
93.25
93.25
93.5
93.5
93.75
93.75
94
94
94.25
94.25
94.5
94.5
94.75
94.75
95
95
95.25
95.25
95.5
95.5
95.75
95.75
96
96
98