0
0
0
0
0
0
0
0
0
0
0
0
0
0
0
0.15
0.15
0.3
0.3
0.45
0.45
0.6
0.6
0.75
0.75
0.9
0.9
1.05
1.05
1.2
1.2
1.35
1.35
1.5
1.5
1.65
1.65
1.8
1.8
1.95
1.95
2.1
2.1
2.25
2.25
2.4
2.4
2.55
2.55
2.7
2.7
2.85
2.85
3
3
3.15
3.15
3.3
3.3
3.45
3.45
3.6
3.6
3.75
3.75
3.9
3.9
4.05
4.05
4.2
4.2
4.35
4.35
4.5
4.5
4.65
4.65
4.8
4.8
4.95
4.95
5.1
5.1
5.25
5.25
5.4
5.4
5.55
5.55
5.7
5.7
5.85
5.85
6
6
6.15
6.15
6.3
6.3
6.45
6.45
6.6
6.6
6.75
6.75
6.9
6.9
7.05
7.05
7.2
7.2
7.35
7.35
7.5
7.5
7.65
7.65
7.8
7.8
7.95
7.95
8.1
8.1
8.25
8.25
8.4
8.4
8.55
8.55
8.7
8.7
8.85
8.85
9
9
9.15
9.15
9.3
9.3
9.45
9.45
9.6
9.6
9.75
9.75
9.9
9.9
10.05
10.05
10.2
10.2
10.35
10.35
10.5
10.5
10.65
10.65
10.8
10.8
10.95
10.95
11.1
11.1
11.25
11.25
11.4
11.4
11.55
11.55
11.7
11.7
11.85
11.85
12
12
12.15
12.15
12.3
12.3
12.45
12.45
12.6
12.6
12.75
12.75
12.9
12.9
13.05
13.05
13.2
13.2
13.35
13.35
13.5
13.5
13.65
13.65
13.8
13.8
13.95
13.95
14.1
14.1
14.25
14.25
14.4
14.4
14.55
14.55
14.7
14.7
14.85
14.85
15
15
15.15
15.15
15.3
15.3
15.45
15.45
15.6
15.6
15.75
15.75
15.9
15.9
16.05
16.05
16.2
16.2
16.35
16.35
16.5
16.5
16.65
16.65
16.8
16.8
16.95
16.95
17.1
17.1
17.25
17.25
17.4
17.4
17.55
17.55
17.7
17.7
17.85
17.85
18
18
18.15
18.15
18.3
18.3
18.45
18.45
18.6
18.6
18.75
18.75
18.9
18.9
19.05
19.05
19.2
19.2
19.35
19.35
19.5
19.5
19.65
19.65
19.8
19.8
19.95
19.95
20.1
20.1
20.25
20.25
20.4
20.4
20.55
20.55
20.7
20.7
20.85
20.85
21
21
21.15
21.15
21.3
21.3
21.45
21.45
21.6
21.6
21.75
21.75
21.9
21.9
22.05
22.05
22.2
22.2
22.35
22.35
22.5
22.5
22.65
22.65
22.8
22.8
22.95
22.95
23.1
23.1
23.25
23.25
23.4
23.4
23.55
23.55
23.7
23.7
23.85
23.85
24
24
24.15
24.15
24.3
24.3
24.45
24.45
24.6
24.6
24.75
24.75
24.9
24.9
25.05
25.05
25.2
25.2
25.35
25.35
25.5
25.5
25.65
25.65
25.8
25.8
25.95
25.95
26.1
26.1
26.25
26.25
26.4
26.4
26.55
26.55
26.7
26.7
26.85
26.85
27
27
27.15
27.15
27.3
27.3
27.45
27.45
27.6
27.6
27.75
27.75
27.9
27.9
28.05
28.05
28.2
28.2
28.35
28.35
28.5
28.5
28.65
28.65
28.8
28.8
28.95
28.95
29.1
29.1
29.25
29.25
29.4
29.4
29.55
29.55
29.7
29.7
29.85
29.85
30
30
30.15
30.15
30.3
30.3
30.45
30.45
30.6
30.6
30.75
30.75
30.9
30.9
31.05
31.05
31.2
31.2
31.35
31.35
31.5
31.5
31.65
31.65
31.8
31.8
31.95
31.95
32.1
32.1
32.25
32.25
32.4
32.4
32.55
32.55
32.7
32.7
32.85
32.85
33
33
33.15
33.15
33.3
33.3
33.45
33.45
33.6
33.6
33.75
33.75
33.9
33.9
34.05
34.05
34.2
34.2
34.35
34.35
34.5
34.5
34.65
34.65
34.8
34.8
34.95
34.95
35.1
35.1
35.25
35.25
35.4
35.4
35.55
35.55
35.7
35.7
35.85
35.85
36
36
36.15
36.15
36.3
36.3
36.45
36.45
36.6
36.6
36.75
36.75
36.9
36.9
37.05
37.05
37.2
37.2
37.35
37.35
37.5
37.5
37.65
37.65
37.8
37.8
37.95
37.95
38.1
38.1
38.25
38.25
38.4
38.4
38.55
38.55
38.7
38.7
38.85
38.85
39
39
39.15
39.15
39.3
39.3
39.45
39.45
39.6
39.6
39.75
39.75
39.9
39.9
40.05
40.05
40.2
40.2
40.35
40.35
40.5
40.5
40.65
40.65
40.8
40.8
40.95
40.95
41.1
41.1
41.25
41.25
41.4
41.4
41.55
41.55
41.7
41.7
41.85
41.85
42
42
42.15
42.15
42.3
42.3
42.45
42.45
42.6
42.6
42.75
42.75
42.9
42.9
43.05
43.05
43.2
43.2
43.35
43.35
43.5
43.5
43.65
43.65
43.8
43.8
43.95
43.95
44.1
44.1
44.25
44.25
44.4
44.4
44.55
44.55
44.7
44.7
44.85
44.85
45
45
45.15
45.15
45.3
45.3
45.45
45.45
45.6
45.6
45.75
45.75
45.9
45.9
46.05
46.05
46.2
46.2
46.35
46.35
46.5
46.5
46.65
46.65
46.8
46.8
46.95
46.95
47.1
47.1
47.25
47.25
47.4
47.4
47.55
47.55
47.7
47.7
47.85
47.85
48
48
48.15
48.15
48.3
48.3
48.45
48.45
48.6
48.6
48.75
48.75
48.9
48.9
49.05
49.05
49.2
49.2
49.35
49.35
49.5
49.5
49.65
49.65
49.8
49.8
49.95
49.95
50.1
50.1
50.25
50.25
50.4
50.4
50.55
50.55
50.7
50.7
50.85
50.85
51
51
51.15
51.15
51.3
51.3
51.45
51.45
51.6
51.6
51.75
51.75
51.9
51.9
52.05
52.05
52.2
52.2
52.35
52.35
52.5
52.5
52.65
52.65
52.8
52.8
52.95
52.95
53.1
53.1
53.25
53.25
53.4
53.4
53.55
53.55
53.7
53.7
53.85
53.85
54
54
54.15
54.15
54.3
54.3
54.45
54.45
54.6
54.6
54.75
54.75
54.9
54.9
55.05
55.05
55.2
55.2
55.35
55.35
55.5
55.5
55.65
55.65
55.8
55.8
55.95
55.95
56.1
56.1
56.25
56.25
56.4
56.4
56.55
56.55
56.7
56.7
56.85
56.85
57
57
57.15
57.15
57.3
57.3
57.45
57.45
57.6
57.6
57.75
57.75
57.9
57.9
58.05
58.05
58.2
58.2
58.35
58.35
58.5
58.5
58.65
58.65
58.8
58.8
58.95
58.95
59.1
59.1
59.25
59.25
59.4
59.4
59.55
59.55
59.7
59.7
59.85
59.85
60
60
60.15
60.15
60.3
60.3
60.45
60.45
60.6
60.6
60.75
60.75
60.9
60.9
61.05
61.05
61.2
61.2
61.35
61.35
61.5
61.5
61.65
61.65
61.8
61.8
61.95
61.95
62.1
62.1
62.25
62.25
62.4
62.4
62.55
62.55
62.7
62.7
62.85
62.85
63
63
63.15
63.15
63.3
63.3
63.45
63.45
63.6
63.6
63.75
63.75
63.9
63.9
64.05
64.05
64.2
64.2
64.35
64.35
64.5
64.5
64.65
64.65
64.8
64.8
64.95
64.95
65.1
65.1
65.25
65.25
65.4
65.4
65.55
65.55
65.7
65.7
65.85
65.85
66
66
66.15
66.15
66.3
66.3
66.45
66.45
66.6
66.6
66.75
66.75
66.9
66.9
67.05
67.05
67.2
67.2
67.35
67.35
67.5
67.5
67.65
67.65
67.8
67.8
67.95
67.95
68.1
68.1
68.25
68.25
68.4
68.4
68.55
68.55
68.7
68.7
68.85
68.85
69
69
69.15
69.15
69.3
69.3
69.45
69.45
69.6
69.6
69.75
69.75
69.9
69.9
70.05
70.05
70.2
70.2
70.35
70.35
70.5
70.5
70.65
70.65
70.8
70.8
70.95
70.95
71.1
71.1
71.25
71.25
71.4
71.4
71.55
71.55
71.7
71.7
71.85
71.85
72
72
72.15
72.15
72.3
72.3
72.45
72.45
72.6
72.6
72.75
72.75
72.9
72.9
73.05
73.05
73.2
73.2
73.35
73.35
73.5
73.5
73.65
73.65
73.8
73.8
73.95
73.95
74.1
74.1
74.25
74.25
74.4
74.4
74.55
74.55
74.7
74.7
74.85
74.85
75
75
75.15
75.15
75.3
75.3
75.45
75.45
75.6
75.6
75.75
75.75
75.9
75.9
76.05
76.05
76.2
76.2
76.35
76.35
76.5
76.5
76.65
76.65
76.8