72
72
67
67
69
69
71
71
72
72
67
67
69
69
71
71
72
72
79
79
74
74
76
76
78
78
79
79
74
74
76
76
78
78
79
79
76
79
76
79
76
79
76
79
76
79
76
79
76
79
76
79
76
79
76
79
69
77
69
77
69
77
69
77
69
77
69
77
69
77
69
77
72
77
72
77
74
77
74
77
74
77
74
77
74
77
74
77
74
77
74
77
74
77
74
77
67
76
67
76
76
79
76
79
76
79
76
79
76
79
76
79
76
79
76
79
69
77
69
77
69
77
69
77
69
77
69
77
69
77
69
77
72
77
72
77
74
77
74
77
74
77
74
77
74
77
74
77
74
77
74
77
74
77
74
77
72
76
72
76
72
76
72
76
71
74
71
74
72
76
72
76
71
74
71
74
72
76
72
76
79
79
79
79
84
84
84
84
79
79
79
79
84
84
84
84
79
79
79
79
76
76
76
76
72
72
72
72
67
67
74
79
74
79
76
79
76
79
74
79
74
79
76
79
76
79
74
79
74
79
76
79
76
79
74
79
74
79
76
79
76
79
74
79
74
79
76
79
76
79
74
79
74
79
76
79
76
79
74
79
74
79
67
79
67
79
67
79
67
79
67
79
67
79
64
64
76
76
79
79
77
77
76
76
74
74
72
72
71
71
72
72
74
74
72
72
71
71
71
71
83
83
81
81
79
79
77
77
76
76
74
74
72
72
71
71
79
79
77
77
76
76
76
76
76
76
75
75
75
75
74
74
74
74
74
74
74
74
73
73
73
73
72
72
67
71
67
71
71
74
83
74
71
71
67
83
86
86
67
84
84
83
83
81
81
79
79
78
78
120
