2
2
2
2.4
2.4
2.4
2.75
2.9
3
3.4
3.75
3.9
4
4.15
4.25
4.4
4.5
4.65
4.75
4.9
5
5.4
6
6.4
6.75
6.9
7
7.4
7.75
7.9
8
8.15
8.25
8.4
8.5
8.65
8.75
8.9
9
9.4
10
10
10
10.15
10.2
10.2
10.5
11.1
11.25
11.5
11.5
11.65
11.75
11.9
12
12.0625
12.0625
12.125
12.125
12.1875
12.1875
12.25
12.25
12.4
12.5
13.1
13.25
13.5
13.5
13.65
13.75
13.9
14
14.25
14.25
14.4
14.5
15.1
15.25
15.5
15.5
15.65
15.75
15.9
16
16.0625
16.0625
16.125
16.125
16.1875
16.1875
16.25
16.25
16.4
16.5
17.1
17.25
17.5
17.5
17.65
17.75
17.9
18
18.15
18.25
18.4
18.5
18.625
18.625
18.75
18.75
18.875
18.875
19
19
19.15
19.25
19.4
19.5
19.625
19.625
19.75
19.75
19.875
19.875
19.975
20
20.15
20.25
20.4
20.5
20.625
20.625
20.75
20.75
20.875
20.875
20.975
21
21.4
22
23
23
23.8
24
24.125
24.125
24.3692708333333
24.5
24.825
25
25.125
25.125
25.3692708333333
25.5
25.825
26
26.125
26.125
26.3692708333333
26.5
26.825
27
27.25
27.25
27.4125
27.5
27.6625
27.75
27.9125
28
28.2
28.5
28.7
29
29.2
30
31
31
31.8
32
32.25
32.25
32.4125
32.5
32.6625
32.75
32.9125
33
33.25
33.25
33.4125
33.5
33.6625
33.75
33.9125
34
34.25
34.25
34.4125
34.5
34.6625
34.75
34.9125
35
35.25
35.25
35.5
35.5
35.75
35.75
35.9125
36
36
37.2
37.2
37.25
37.3125
37.3125
37.375
37.375
37.4375
37.4375
37.5
37.5
37.75
37.75
37.95
38
39.2
39.25
39.3125
39.3125
39.375
39.375
39.4375
39.4375
39.5
39.5
39.75
39.75
39.95
40
40.1
40.125
40.225
40.25
40.35
40.375
40.475
40.5
40.6
40.625
40.725
40.75
40.85
40.875
40.975
41
41.1
41.125
41.225
41.25
41.35
41.375
41.475
41.5
41.6
41.625
41.725
41.75
41.85
41.875
41.975
42
42.1
42.125
42.225
42.25
42.35
42.375
42.475
42.5
42.6
42.625
42.725
42.75
42.85
42.875
42.975
43
43.1
43.125
43.225
43.25
43.35
43.375
43.475
43.5
43.6
43.625
43.725
43.75
43.85
43.875
43.975
44
44.75
44.75
44.95
45
45.375
45.375
45.475
45.5
45.875
45.875
45.975
46
46.75
46.75
46.95
47
47.375
47.375
47.475
47.5
47.875
47.875
47.975
48
48.15
48.25
48.25
48.65
48.65
48.75
48.75
49.15
49.15
49.25
49.25
49.65
49.65
49.75
49.75
50
50
50.2
50.2
50.25
50.25
50.65
50.65
50.75
50.75
51.15
51.15
51.25
51.25
51.65
51.65
51.75
51.75
51.9
51.9
52
52
52.15
52.15
52.25
52.4
52.5
52.65
52.75
52.9
53
53.15
53.25
53.4
53.5
53.65
53.75
53.9
54
54.15
54.25
54.4
54.5
54.65
54.75
54.9
55
55.4