0
0
0
0
0
0.416666666666667
0.75
0.833333333333333
0.833333333333333
0.916666666666667
0.916666666666667
1
1
1.41666666666667
1.75
1.83333333333333
1.83333333333333
1.91666666666667
1.91666666666667
2
2
2.41666666666667
8
8.41666666666667
8.75
8.83333333333333
8.83333333333333
8.91666666666667
8.91666666666667
9
9
9.41666666666667
9.75
9.83333333333333
9.83333333333333
9.91666666666667
9.91666666666667
10
10
10.4166666666667
16
16
16.4166666666667
16.4166666666667
16.5
16.5
16.8708333333333
16.8708333333333
16.875
16.875
16.9958333333333
16.9958333333333
17
17
17.4166666666667
17.4166666666667
17.5
17.5
17.9166666666667
17.9166666666667
18
18
18.4166666666667
18.4166666666667
18.5
18.5
18.8708333333333
18.8708333333333
18.875
18.875
18.9958333333333
18.9958333333333
19
19
19.4166666666667
19.4166666666667
19.5
19.5
19.9166666666667
19.9166666666667
20
20
20.4166666666667
20.4166666666667
20.5
20.5
20.8708333333333
20.8708333333333
20.875
20.875
20.9958333333333
20.9958333333333
21
21
21.4166666666667
21.4166666666667
21.5
21.5
21.9166666666667
21.9166666666667
22
22
22.4166666666667
22.4166666666667
22.5
22.5
22.8708333333333
22.8708333333333
22.875
22.875
22.9958333333333
22.9958333333333
23
23
23.4166666666667
23.4166666666667
23.5
23.5
23.9166666666667
23.9166666666667
24
24
24.4166666666667
24.4166666666667
24.5
24.5
24.8708333333333
24.8708333333333
24.875
24.875
24.9958333333333
24.9958333333333
25
25
25.4166666666667
25.4166666666667
25.5
25.5
25.9166666666667
25.9166666666667
26
26
26.4166666666667
26.4166666666667
26.5
26.5
26.8708333333333
26.8708333333333
26.875
26.875
26.9958333333333
26.9958333333333
27
27
27.4166666666667
27.4166666666667
27.5
27.5
27.9166666666667
27.9166666666667
28
28
28.4166666666667
28.4166666666667
28.5
28.5
28.9166666666667
28.9166666666667
29.5
29.5
29.9166666666667
29.9166666666667
30.5
30.5
30.9166666666667
30.9166666666667
31.5
31.5
31.9166666666667
31.9166666666667
32
32
32.4166666666667
32.4166666666667
32.5
32.7458333333333
32.75
32.9958333333333
33
33.2458333333333
33.25
33.4958333333333
33.5
33.7458333333333
33.75
33.9958333333333
34
34.2458333333333
34.25
34.4958333333333
34.5
34.7458333333333
34.75
34.9958333333333
35
35.2458333333333
35.25
35.4958333333333
35.5
35.7458333333333
35.75
35.9958333333333
36
36.4166666666667
36.5
36.5
36.9166666666667
36.9166666666667
37.5
37.5
37.9166666666667
37.9166666666667
38.5
38.5
38.9166666666667
38.9166666666667
39.5
39.5
39.9166666666667
39.9166666666667
40
40
40.2458333333333
40.2458333333333
40.25
40.25
40.4958333333333
40.4958333333333
40.5
40.5
40.7458333333333
40.7458333333333
40.75
40.75
40.9958333333333
40.9958333333333
41
41
41.2458333333333
41.2458333333333
41.25
41.25
41.4958333333333
41.4958333333333
41.5
41.5
41.7458333333333
41.7458333333333
41.75
41.75
41.9958333333333
41.9958333333333
42
42
42.4166666666667
42.4166666666667
43
43
43.4166666666667
43.4166666666667
43.5
43.5
43.9166666666667
43.9166666666667
44
44
45.875
45.875
46
47
47
48.2458333333333
48.25
48.3333333333333
48.5
48.5833333333333
48.75
48.8333333333333
49
49.0833333333333
49.25
49.3333333333333
49.5
49.5833333333333
49.75
49.8333333333333
50
51
51
51.875
52
53.375
54
55
55
56.2458333333333
56.25
56.3333333333333
56.5
56.5833333333333
56.75
56.8333333333333
57
57.0833333333333
57.25
57.3333333333333
57.5
57.5833333333333
57.75
57.8333333333333
58
59
59
59.875
60
60.125
60.5
60.625
61
61.125
62
62.125
62.5
62.625
63
63.125
64
64.125
64.5
64.625
65
65.125
66
66.125
66.5
66.625
67
67.125
72
72
72.5
72.5
72.875
73
73
73.5
73.5
73.9166666666667
74
74.2458333333333
74.25
74.3333333333333
74.4166666666667
74.5
74.5833333333333
74.75
74.8333333333333
75
75.0833333333333
75.25
75.3333333333333
75.5
75.5833333333333
75.696875