0
0
0
0
0
0
0
0
0
0.5
0.5
1
1
1.5
1.5
1.75
1.75
2
2
2.5
2.5
3
3
3.5
3.5
3.75
3.75
4
4
4.5
4.5
5
5
5.5
5.5
5.75
5.75
6
6
6.5
6.5
7
7
7.5
7.5
7.75
7.75
8
8
8.25
8.25
8.5
8.5
8.75
8.75
9
9
9.25
9.25
9.5
9.5
9.75
9.75
10
10
10.25
10.25
10.5
10.5
10.75
10.75
11
11
11.25
11.25
11.5
11.5
11.75
11.75
12
12
12.25
12.25
12.5
12.5
12.75
12.75
13
13
13.25
13.25
13.5
13.5
13.75
13.75
14
14
14.5
14.5
15
15
15.5
15.5
16
16
16.25
16.25
16.5
16.5
16.75
16.75
17
17
17.25
17.25
17.5
17.5
17.75
17.75
18
18
18.25
18.25
18.5
18.5
18.75
18.75
19
19
19.25
19.25
19.5
19.5
19.75
19.75
20
20
20.25
20.25
20.5
20.5
20.75
20.75
21
21
21.25
21.25
21.5
21.5
21.75
21.75
22
22
22.5
22.5
23
23
23.5
23.5
24
24
24.25
24.25
24.5
24.5
24.75
24.75
24.875
24.875
25
25
25.25
25.25
25.5
25.5
25.75
25.75
25.875
25.875
26
26
26.25
26.25
26.5
26.5
26.75
26.75
26.875
26.875
27
27
27.25
27.25
27.5
27.5
27.75
27.75
27.875
27.875
28
28
28.25
28.25
28.5
28.5
28.75
28.75
28.875
28.875
29
29
29.25
29.25
29.5
29.5
29.75
29.75
29.875
29.875
30
30
30.25
30.25
30.5
30.5
30.75
30.75
30.875
30.875
31
31
31.25
31.25
31.5
31.5
31.75
31.75
31.875
31.875
32
32
32.125
32.125
32.25
32.25
32.375
32.375
32.5
32.5
32.625
32.625
32.75
32.75
32.875
32.875
33
33
33.125
33.125
33.25
33.25
33.375
33.375
33.5
33.5
33.625
33.625
33.75
33.75
33.875
33.875
34
34
34.125
34.125
34.25
34.25
34.375
34.375
34.5
34.5
34.625
34.625
34.75
34.75
34.875
34.875
35
35
35.125
35.125
35.25
35.25
35.375
35.375
35.5
35.5
35.625
35.625
35.75
35.75
35.875
35.875
36
36
36.125
36.125
36.25
36.25
36.375
36.375
36.5
36.5
36.625
36.625
36.75
36.75
36.875
36.875
37
37
37.125
37.125
37.25
37.25
37.375
37.375
37.5
37.5
37.625
37.625
37.75
37.75
37.875
37.875
38
38
38.25
38.25
38.5
38.5
38.75
38.75
39
39
39.25
39.25
39.5
39.5
39.75
39.75
40
40
40.125
40.125
40.25
40.25
40.375
40.375
40.5
40.5
40.625
40.625
40.75
40.75
40.875
40.875
41
41
41.125
41.125
41.25
41.25
41.375
41.375
41.5
41.5
41.625
41.625
41.75
41.75
41.875
41.875
42
42
42.125
42.125
42.25
42.25
42.375
42.375
42.5
42.5
42.625
42.625
42.75
42.75
42.875
42.875
43
43
43.125
43.125
43.25
43.25
43.375
43.375
43.5
43.5
43.625
43.625
43.75
43.75
43.875
43.875
44
44
44.125
44.125
44.25
44.25
44.375
44.375
44.5
44.5
44.625
44.625
44.75
44.75
44.875
44.875
45
45
45.125
45.125
45.25
45.25
45.375
45.375
45.5
45.5
45.625
45.625
45.75
45.75
45.875
45.875
46
46
46.25
46.25
46.5
46.5
46.75
46.75
47
47
47.25
47.25
47.5
47.5
47.75
47.75
48
48
48.5
48.5
49
49
49.5
49.5
49.75
49.75
50
50
50.25
50.25
50.5
50.5
50.75
50.75
50.875
50.875
51
51
51.25
51.25
51.5
51.5
51.75
51.75
51.875
51.875
52
52
52.5
52.5
53
53
53.5
53.5
53.75
53.75
54
54
54.25
54.25
54.5
54.5
54.75
54.75
54.875
54.875
55
55
55.25
55.25
55.5
55.5
55.75
55.75
55.875
55.875
56
56
56.25
56.25
56.5
56.5
56.75
56.75
57
57
57.25
57.25
57.5
57.5
57.75
57.75
58
58
58.125
58.125
58.25
58.25
58.375
58.375
58.5
58.5
58.625
58.625
58.75
58.75
58.875
58.875
59
59
59.125
59.125
59.25
59.25
59.375
59.375
59.5
59.5
59.625
59.625
59.75
59.75
59.875
59.875
60