58
58
51
58
58
75
58
86
58
69
74
75
51
65
57
51
57
50
51
57
60
57
86
93
50
51
60
50
51
65
93
65
74
50
50
50
51
57
57
86
50
51
50
51
86
65
72
50
51
50
51
65
69
51
72
65
50
68
50
68
69
50
50
69
69
69
65
57
65
65
57
65
65
65
58
65
69
50
58
86
58
69
72
50
51
74
86
69
72
93
58
60
74
86
60
61
74
50
51
65
50
61
65
60
51
86
51
93
58
60
72
86
51
58
93
72
51
86
93
74
86
65
72
65
86
57
72
57
65
69
51
69
51
69
69
65
81
74
72
72
84
65
69
77
65
69
84
81
84
62
73
74
73
77
84
62
74
62
75
74
74
50
75
84
74
62
69
74
84
69
74
62
74
69
62
74
50
74
65
74
65
84
84
81
50
57
81
62
81
69
57
74
84
81
62
62
65
50
65
57
62
62
65
65
50
62
84
69
57
65
69
65
74
65
65
50
69
69
88
76
64
65
49
69
37
61
79
49
64
68
64
95
61
68
68
70
95
49
68
68
70
61
88
76
68
86
88
49
68
37
64
64
67
68
86
76
83
88
64
70
61
86
67
70
64
86
70
61
67
49
64
67
68
70
70
67
68
61
86
70
83
64
67
68
70
86
68
86
70
68
86
49
92
67
68
70
86
92
64
67
86
67
83
70
86
67
86
67
79
70
64
70
67
68
79
70
67
68
64
64
67
68
86
68
79
86
79
83
86
70
70
86
76
67
79
76
76
76
67
79
70
67
76
79
76
70
67
68
64
68
70
64
79
79
64
70
68
70
70
67
68
70
67
67
70
70
67
67
67
76
51
51
50
50
50
50