0
0
0
0.0348837209302326
0.0465116279069767
0.0465116279069767
0.0813953488372093
0.0813953488372093
0.104651162790698
0.116279069767442
0.127906976744186
0.127906976744186
0.13953488372093
0.13953488372093
0.151162790697674
0.151162790697674
0.162790697674419
0.186046511627907
0.197674418604651
0.209302325581395
0.209302325581395
0.209302325581395
0.232558139534884
0.244186046511628
0.244186046511628
0.255813953488372
0.267441860465116
0.267441860465116
0.290697674418605
0.325581395348837
0.325581395348837
0.325581395348837
0.337209302325581
0.372093023255814
0.372093023255814
0.395348837209302
0.406976744186047
0.441860465116279
0.441860465116279
0.441860465116279
0.476744186046512
0.488372093023256
0.511627906976744
0.511627906976744
0.546511627906977
0.546511627906977
0.546511627906977
0.569767441860465
0.569767441860465
0.581395348837209
0.581395348837209
0.627906976744186
0.627906976744186
0.627906976744186
0.674418604651163
0.686046511627907
0.72093023255814
0.732558139534884
0.755813953488372
0.77906976744186
0.825581395348837
0.86046511627907
0.918604651162791
0.965116279069767
1.12790697674419
1.12790697674419
1.17441860465116
1.27906976744186
1.76744186046512
1.81395348837209
1.86046511627907
1.87209302325581
1.90697674418605
1.93023255813953
2
2.05813953488372
2.58139534883721
2.58139534883721
2.58139534883721
2.6046511627907
2.6046511627907
2.6046511627907
2.62790697674419
2.62790697674419
2.62790697674419
2.63953488372093
2.63953488372093
2.63953488372093
2.65116279069767
2.66279069767442
2.66279069767442
2.66279069767442
2.67441860465116
2.67441860465116
2.69767441860465
2.69767441860465
2.70930232558139
2.72093023255814
2.72093023255814
2.75581395348837
2.75581395348837
2.76744186046512
2.77906976744186
2.77906976744186
2.77906976744186
2.7906976744186
2.80232558139535
2.82558139534884
2.83720930232558
2.83720930232558
2.84883720930233
2.84883720930233
2.84883720930233
2.87209302325581
2.88372093023256
2.8953488372093
2.90697674418605
2.93023255813953
2.95348837209302
2.97674418604651
3.02325581395349
3.06976744186046
3.09302325581395
3.1046511627907
3.1046511627907
3.15116279069767
3.16279069767442
3.17441860465116
3.17441860465116
3.22093023255814
3.23255813953488
3.24418604651163
3.26744186046512
3.26744186046512
3.31395348837209
3.31395348837209
3.44186046511628
3.47674418604651
3.5
3.53488372093023
3.58139534883721
3.62790697674419
3.66279069767442
3.67441860465116
3.67441860465116
3.68604651162791
3.70930232558139
3.70930232558139
3.73255813953488
3.74418604651163
3.74418604651163
3.76744186046512
3.76744186046512
3.77906976744186
3.80232558139535
3.83720930232558
3.86046511627907
3.88372093023256
3.88372093023256
3.8953488372093
3.91860465116279
3.93023255813953
3.94186046511628
3.95348837209302
3.95348837209302
3.96511627906977
4.01162790697674
4.02325581395349
4.02325581395349
4.03488372093023
4.05813953488372
4.06976744186046
4.09302325581395
4.1046511627907
4.19767441860465
4.22093023255814
4.23255813953488
4.23255813953488
4.25581395348837
4.2906976744186
4.32558139534884
4.33720930232558
4.34883720930233
4.36046511627907
4.3953488372093
4.41860465116279
4.44186046511628
4.44186046511628
4.45348837209302
4.47674418604651
4.47674418604651
4.48837209302326
4.5
4.5
4.5
4.52325581395349
4.54651162790698
4.6046511627907
4.62790697674419
4.66279069767442
4.66279069767442
4.68604651162791
4.69767441860465
4.72093023255814
4.72093023255814
4.73255813953488
4.7906976744186
4.7906976744186
4.80232558139535
4.82558139534884
4.83720930232558
4.83720930232558
4.86046511627907
4.87209302325581
4.90697674418605
4.95348837209302
4.98837209302326
5.06976744186046
5.08139534883721
5.1046511627907
5.11627906976744
5.13953488372093
5.15116279069767
5.15116279069767
5.19767441860465
5.22093023255814
5.23255813953488
5.23255813953488
5.24418604651163
5.25581395348837
5.25581395348837
5.25581395348837
5.26744186046512
5.26744186046512
5.27906976744186
5.27906976744186
5.2906976744186
5.30232558139535
5.30232558139535
5.32558139534884
5.32558139534884
5.33720930232558
5.33720930232558
5.3953488372093
5.40697674418605
5.41860465116279
5.43023255813953
5.43023255813953
5.43023255813953
5.45348837209302
5.45348837209302
5.46511627906977
5.46511627906977
5.47674418604651
5.47674418604651
5.47674418604651
5.48837209302326
5.5
5.51162790697674
5.51162790697674
5.52325581395349
5.52325581395349
5.55813953488372
5.58139534883721
5.6046511627907
5.6046511627907
5.61627906976744
5.61627906976744
5.62790697674419
5.63953488372093
5.63953488372093
5.68604651162791
5.68604651162791
5.68604651162791
5.68604651162791
5.69767441860465
5.70930232558139
5.72093023255814
5.72093023255814
5.73255813953488
5.73255813953488
5.74418604651163
5.76744186046512
5.77906976744186
5.77906976744186
5.77906976744186
5.77906976744186
5.7906976744186
5.80232558139535
5.84883720930233
5.87209302325581
5.88372093023256
5.88372093023256
5.8953488372093
5.8953488372093
5.90697674418605
5.90697674418605
5.90697674418605
5.94186046511628
5.94186046511628
5.96511627906977
6
6
6.01162790697674
6.01162790697674
6.03488372093023
6.03488372093023
6.08139534883721
6.11627906976744
6.12790697674419
6.13953488372093
6.15116279069767
6.17441860465116
6.19767441860465
6.23255813953488
6.23255813953488
6.23255813953488
6.24418604651163
6.26744186046512
6.26744186046512
6.27906976744186
6.34883720930233
6.34883720930233
6.34883720930233
6.36046511627907
6.37209302325581
6.38372093023256
6.3953488372093
6.40697674418605
6.43023255813953
6.43023255813953
6.45348837209302
6.46511627906977
6.48837209302326
6.5
6.51162790697674
6.51162790697674
6.52325581395349
6.58139534883721
6.59302325581395
6.6046511627907
6.62790697674419
6.63953488372093
6.67441860465116
6.67441860465116
6.67441860465116
6.68604651162791
6.72093023255814
6.75581395348837
6.75581395348837
6.7906976744186
6.7906976744186
6.81395348837209
6.83720930232558
6.86046511627907
6.91860465116279
6.96511627906977
6.96511627906977
7.04651162790698
7.04651162790698
7.08139534883721
7.09302325581395
7.09302325581395
7.12790697674419
7.20930232558139
7.27906976744186
7.2906976744186
7.32558139534884
7.34883720930233
7.40697674418605
7.44186046511628
7.48837209302326
7.68604651162791
7.72093023255814
7.75581395348837
7.86046511627907