0
0
0
0.0116279069767442
0.0232558139534884
0.0232558139534884
0.0348837209302326
0.0348837209302326
0.0348837209302326
0.0348837209302326
0.0465116279069767
0.0465116279069767
0.0581395348837209
0.0813953488372093
0.0930232558139535
0.104651162790698
0.116279069767442
0.127906976744186
0.127906976744186
0.13953488372093
0.151162790697674
0.151162790697674
0.174418604651163
0.174418604651163
0.174418604651163
0.186046511627907
0.186046511627907
0.209302325581395
0.22093023255814
0.255813953488372
0.267441860465116
0.27906976744186
0.290697674418605
0.290697674418605
0.302325581395349
0.302325581395349
0.325581395348837
0.36046511627907
0.372093023255814
0.406976744186047
0.441860465116279
0.441860465116279
0.523255813953488
0.534883720930233
0.558139534883721
0.593023255813953
0.686046511627907
0.709302325581395
0.744186046511628
0.790697674418605
0.802325581395349
0.813953488372093
0.848837209302326
0.883720930232558
0.906976744186047
0.941860465116279
0.976744186046512
0.988372093023256
1.01162790697674
1.04651162790698
1.04651162790698
1.05813953488372
1.06976744186047
1.09302325581395
1.15116279069767
1.18604651162791
1.19767441860465
1.3953488372093
1.40697674418605
1.45348837209302
1.47674418604651
1.53488372093023
1.58139534883721
1.61627906976744
1.65116279069767
1.74418604651163
1.75581395348837
1.7906976744186
1.7906976744186
1.8953488372093
1.94186046511628
1.97674418604651
1.97674418604651
2.02325581395349
2.04651162790698
2.04651162790698
2.05813953488372
2.06976744186047
2.09302325581395
2.15116279069767
2.19767441860465
2.25581395348837
2.25581395348837
2.27906976744186
2.2906976744186
2.2906976744186
2.30232558139535
2.30232558139535
2.31395348837209
2.45348837209302
2.47674418604651
2.47674418604651
2.48837209302326
2.52325581395349
2.53488372093023
2.54651162790698
2.55813953488372
2.56976744186047
2.59302325581395
2.62790697674419
2.65116279069767
2.66279069767442
2.69767441860465
2.75581395348837
2.75581395348837
2.77906976744186
2.77906976744186
2.7906976744186
2.80232558139535
2.81395348837209
2.95348837209302
3.02325581395349
3.06976744186046
3.11627906976744
3.15116279069767
3.17441860465116
3.19767441860465
3.23255813953488
3.24418604651163
3.63953488372093
3.65116279069767
3.83720930232558
3.8953488372093
3.96511627906977
4.02325581395349
4.03488372093023
4.04651162790698
4.06976744186046
4.08139534883721
4.08139534883721
4.30232558139535
4.36046511627907
4.41860465116279
4.48837209302326
4.5
4.54651162790698
4.56976744186046
4.75581395348837
4.76744186046512
4.76744186046512
4.7906976744186
4.80232558139535
4.80232558139535
4.83720930232558
4.93023255813953
4.98837209302326
5.01162790697674
5.08139534883721
5.20930232558139
5.24418604651163
5.26744186046512
5.27906976744186
5.30232558139535
5.33720930232558
5.40697674418605
5.41860465116279
5.5
5.53488372093023
5.53488372093023
5.58139534883721
5.67441860465116
5.67441860465116
5.77906976744186
5.81395348837209
5.93023255813953
5.97674418604651
6.06976744186046
6.08139534883721
6.08139534883721
6.09302325581395
6.19767441860465
6.25581395348837
6.26744186046512
6.32558139534884
6.44186046511628
6.47674418604651
6.54651162790698
6.56976744186046
6.56976744186046
6.59302325581395
6.69767441860465
6.72093023255814
6.77906976744186
6.83720930232558
6.91860465116279
7.05813953488372