71
74
81
91
62
95
96
98
74
79
74
96
81
98
98
62
81
96
62
98
81
96
99
98
102
81
102
102
98
98
96
102
90
102
96
96
90
81
96
99
99
91
102
99
98
62
79
93
62
95
71
79
71
79
93
62
91
74
79
98
74
98
74
98
71
98
98
98
98
91
98
98
98
79
74
86
93
79
79
86
93
91
74
79
98
74
98
74
98
74
98
91
79
93
79
86
91
91
86
93
79
91
79
74
98
74
98
98
74
98
98
95
98
83
91
79
79
91
91
86
79
95
83
95
83
83
95
86
86
86
86
86
84
96
86
84
84
86
103
103
103
96
103
84
84
84
93
96
84
81
96
84
100
100
84
93
81
81
93
81
103
103
93
103
103
84
96
84
84
96
93
81
100
100
96
84
93
81
96
84
93
81
100
100
81
90
93
78
90
78
93
81
81
93
93
78