57
73
78
84
91
94
100
88
67
73
78
98
57
58
71
93
64
58
71
72
60
93
39
55
64
69
102
94
39
76
55
94
48
69
101
102
79
60
37
60
101
102
88
98
36
37
69
76
88
91
94
103
67
93
98
94
67
69
93
98
98
88
86
88
64
101
102
86
103
94
98
94
74
101
48
88
100
74
64
98
36
98
79
91
94
84
67
72
91
55
67
71
74
86
89
60
91
99
89
71
74
89
95
60
71
74
88
99
60
72
81
89
55
58
64
74
67
58
69
71
95
97
57
64
72
73
76
86
44
86
64
72
73
83
74
90
57
67
86
69
72
97
99
44
71
78
88
91
59
64
85
91
69
58
59
71
66
67
96
99
100
47
57
58
73
74
84
85
88
94
97
101
35
78
79
47
57
73
98
35
36
59
71
81
97
101
59
66
67
69
71
72
60
82
83
36
50
88
94
35
71
82
48
50
101
71
79
94
79
86
35
60
60
96
101
55
86
90
98
83
94
36
66
67
93
98
48
55
76
94
55
66
67
98
76
83
93
55
98
76
64
101
90
90
94
74
94
98
64
101
36
100
36
91
74
98
36
98
79
84
94
67
72
55
71
86
89
74
91
99
60
89
63
74
89
95
60
74
88
99
60
63
81
89
55
64
72
69
71
74
95
97
64
72
73
76
86
57
64
72
73
83
44
74
90
57
59
67
72
64
69
97
99
44
56
59
71
88
91
78
91
56
69
85
58
71
96
100
47
57
58
66
67
73
74
84
85
88
94
97
99
101
35
71
78
79
47
73
98
35
36
57
59
81
97
101
59
66
67
69
60
71
72
82
83
95
36
50
96
88
94
35
71
82
100
48
50
100
71
79
94
95
101
35
79
60
60
101
37
83
90
98
94
36
37
66
67
93
98
48
76
94
55
66
67
98
76
83
93
55
98
76
64
101
90
74
90
74
94
74
94
98
101
36
100
36
64
74
91
98
98
98
36
98
79
84
91
94
67
72
91
84
84
60
84
84
84
84
67
62
77
65
62
67
74
65
67
62
72
67
69
67
74
69
77
77
91
62
69
91
67
69
72
84
72
84
67
62
91
91
72
67
65
72
72
91
71
62
77
65
67
91
95
62
77
65
67
95
76
77
79
62
95
79
65
67
71
71
86
74
95
60
71
86
67
67
67
93
60
67
93
72
60
74
86
67
67
74
60
67
72
74
86
74
67
93
60
64
74
93
74
86
64
67
93
86
74
79
76
83
93
60
67
79
83
67
66
91
79
66
59
74
62
67
79
91
59
79
98
67
98
66
98
66
67
59
74
66
67
79
98
47
79
59
90
66
90
59
67
71
62
62
90
67
90
62
66
62
59
66
67
67
71
59
98
67
98
62
66
67
66
66
47
66
62
66
79
47
79
62
77
90
74
90
66
79
47
74
67
74
66
67
77
74
77
77
77
66
59
77
77
77
55
67
74
79
83
89
42
55
64
81
86
95
99
64
89
100
42
55
74
81
89
62
74
82
83
99
42
62
42
43
93
82
43
71
43
54
55
77
83
71
100
101
54
55
93
62
67
95
67
71
93
95
77
96
89
101
62
89
101
96
71
43
43
62
54
55
93
100
54
55
101
100
101
71
74
93
89
71
101
83
93
95
86
43
62
86
62
67
69
74
50
79
96
62
95
55
100
62
95
40
76
50
71
96
40
62
74
86
95
98
64
74
96
78
92
64
51
62
69
96
100
62
97
51
66
92
99
95
98
71
81
91
52
85
66
67
92
98
44
52
54
78
79
67
81
85
97
44
54
67
92
99
42
51
82
42
43
51
42
43
71
82
62
42
43
67
74
67
71
101
62
74
67
67
86
95
62
62
71
74
71
43
95
55
62
67
67
95
76
86
55
98
101
86
101
98
55
95
98
101
43
79
86
62
91
43
55
67
67
69
74
67
50
96
62
74
76
50
71
96
62
64
74
64
78
51
62
69
62
51
66
97
99
71
66
67
97
62
78
79
99
67
100
67
42
62
42
100
76
43
74
101
67
67
86
95
101
98
101
43
95
86
98
67
67
95
101
95
101
101
79
67
101
101