0
0
0
0
0
0
0
0
0
0.0116279069767442
0.0232558139534884
0.0232558139534884
0.0232558139534884
0.0232558139534884
0.0348837209302326
0.0348837209302326
0.0348837209302326
0.0348837209302326
0.0465116279069767
0.0581395348837209
0.0581395348837209
0.0581395348837209
0.0697674418604651
0.0697674418604651
0.0813953488372093
0.0813953488372093
0.0930232558139535
0.0930232558139535
0.0930232558139535
0.104651162790698
0.116279069767442
0.116279069767442
0.127906976744186
0.127906976744186
0.13953488372093
0.13953488372093
0.13953488372093
0.13953488372093
0.151162790697674
0.162790697674419
0.174418604651163
0.174418604651163
0.174418604651163
0.174418604651163
0.186046511627907
0.186046511627907
0.197674418604651
0.197674418604651
0.197674418604651
0.197674418604651
0.197674418604651
0.197674418604651
0.197674418604651
0.197674418604651
0.209302325581395
0.209302325581395
0.209302325581395
0.22093023255814
0.232558139534884
0.232558139534884
0.244186046511628
0.244186046511628
0.267441860465116
0.27906976744186
0.302325581395349
0.302325581395349
0.325581395348837
0.337209302325581
0.337209302325581
0.348837209302326
0.36046511627907
0.395348837209302
0.395348837209302
0.406976744186047
0.418604651162791
0.418604651162791
0.441860465116279
0.441860465116279
0.441860465116279
0.453488372093023
0.465116279069767
0.5
0.523255813953488
0.534883720930233
0.581395348837209
0.581395348837209
0.581395348837209
0.593023255813953
0.604651162790698
0.604651162790698
0.63953488372093
0.744186046511628
0.744186046511628
0.744186046511628
0.744186046511628
0.744186046511628
0.744186046511628
0.767441860465116
0.767441860465116
0.767441860465116
0.77906976744186
0.790697674418605
0.790697674418605
0.790697674418605
0.790697674418605
0.802325581395349
0.802325581395349
0.802325581395349
0.813953488372093
0.813953488372093
0.825581395348837
0.825581395348837
0.825581395348837
0.825581395348837
0.837209302325581
0.837209302325581
0.837209302325581
0.837209302325581
0.848837209302326
0.86046511627907
0.86046511627907
0.86046511627907
0.86046511627907
0.86046511627907
0.872093023255814
0.872093023255814
0.872093023255814
0.872093023255814
0.872093023255814
0.872093023255814
0.883720930232558
0.883720930232558
0.895348837209302
0.895348837209302
0.895348837209302
0.895348837209302
0.906976744186047
0.906976744186047
0.918604651162791
0.918604651162791
0.918604651162791
0.930232558139535
0.930232558139535
0.930232558139535
0.930232558139535
0.941860465116279
0.941860465116279
0.941860465116279
0.941860465116279
0.941860465116279
0.953488372093023
0.953488372093023
0.953488372093023
0.953488372093023
0.965116279069767
0.976744186046512
0.976744186046512
0.976744186046512
0.988372093023256
0.988372093023256
0.988372093023256
0.988372093023256
0.988372093023256
1
1
1
1
1
1
1
1
1
1
1
1.01162790697674
1.01162790697674
1.01162790697674
1.02325581395349
1.02325581395349
1.02325581395349
1.02325581395349
1.03488372093023
1.03488372093023
1.03488372093023
1.03488372093023
1.03488372093023
1.03488372093023
1.03488372093023
1.05813953488372
1.05813953488372
1.06976744186047
1.06976744186047
1.06976744186047
1.06976744186047
1.08139534883721
1.08139534883721
1.08139534883721
1.09302325581395
1.09302325581395
1.1046511627907
1.1046511627907
1.11627906976744
1.11627906976744
1.11627906976744
1.12790697674419
1.12790697674419
1.12790697674419
1.13953488372093
1.13953488372093
1.13953488372093
1.15116279069767
1.15116279069767
1.16279069767442
1.16279069767442
1.17441860465116
1.17441860465116
1.17441860465116
1.18604651162791
1.18604651162791
1.18604651162791
1.18604651162791
1.19767441860465
1.19767441860465
1.2093023255814
1.2093023255814
1.2093023255814
1.2093023255814
1.2093023255814
1.22093023255814
1.22093023255814
1.22093023255814
1.22093023255814
1.23255813953488
1.24418604651163
1.24418604651163
1.24418604651163
1.25581395348837
1.25581395348837
1.25581395348837
1.27906976744186
1.27906976744186
1.2906976744186
1.32558139534884
1.33720930232558
1.34883720930233
1.38372093023256
1.3953488372093
1.40697674418605
1.40697674418605
1.40697674418605
1.41860465116279
1.41860465116279
1.44186046511628
1.44186046511628
1.45348837209302
1.45348837209302
1.46511627906977
1.5
1.53488372093023
1.53488372093023
1.59302325581395
1.59302325581395
1.59302325581395
1.6046511627907
1.6046511627907
1.74418604651163
1.74418604651163
1.74418604651163
1.74418604651163
1.75581395348837
1.76744186046512
1.76744186046512
1.77906976744186
1.77906976744186
1.7906976744186
1.7906976744186
1.7906976744186
1.7906976744186
1.80232558139535
1.80232558139535
1.81395348837209
1.81395348837209
1.82558139534884
1.82558139534884
1.82558139534884
1.82558139534884
1.83720930232558
1.83720930232558
1.83720930232558
1.86046511627907
1.86046511627907
1.86046511627907
1.86046511627907
1.86046511627907
1.87209302325581
1.87209302325581
1.87209302325581
1.87209302325581
1.87209302325581
1.88372093023256
1.8953488372093
1.8953488372093
1.8953488372093
1.8953488372093
1.90697674418605
1.90697674418605
1.90697674418605
1.91860465116279
1.91860465116279
1.91860465116279
1.91860465116279
1.93023255813953
1.93023255813953
1.93023255813953
1.93023255813953
1.94186046511628
1.94186046511628
1.94186046511628
1.94186046511628
1.94186046511628
1.94186046511628
1.95348837209302
1.95348837209302
1.96511627906977
1.96511627906977
1.96511627906977
1.97674418604651
1.97674418604651
1.98837209302326
1.98837209302326
2
2
2
2
2
2
2
2
2
2
2
2
2
2
2.01162790697674
2.01162790697674
2.01162790697674
2.01162790697674
2.02325581395349
2.02325581395349
2.02325581395349
2.03488372093023
2.03488372093023
2.03488372093023
2.03488372093023
2.03488372093023
2.03488372093023
2.03488372093023
2.05813953488372
2.06976744186047
2.06976744186047
2.06976744186047
2.08139534883721
2.08139534883721
2.08139534883721
2.08139534883721
2.08139534883721
2.08139534883721
2.09302325581395
2.09302325581395
2.09302325581395
2.1046511627907
2.1046511627907
2.11627906976744
2.11627906976744
2.11627906976744
2.11627906976744
2.12790697674419
2.12790697674419
2.12790697674419
2.13953488372093
2.13953488372093
2.13953488372093
2.13953488372093
2.13953488372093
2.15116279069767
2.15116279069767
2.16279069767442
2.17441860465116
2.17441860465116
2.18604651162791
2.18604651162791
2.18604651162791
2.18604651162791
2.19767441860465
2.20930232558139
2.20930232558139
2.20930232558139
2.20930232558139
2.20930232558139
2.20930232558139
2.22093023255814
2.22093023255814
2.22093023255814
2.23255813953488
2.24418604651163
2.24418604651163
2.24418604651163
2.25581395348837
2.25581395348837
2.25581395348837
2.27906976744186
2.27906976744186
2.2906976744186
2.32558139534884
2.32558139534884
2.34883720930233
2.36046511627907
2.38372093023256
2.3953488372093
2.3953488372093
2.40697674418605
2.40697674418605
2.40697674418605
2.41860465116279
2.44186046511628
2.44186046511628
2.45348837209302
2.45348837209302
2.45348837209302
2.45348837209302
2.45348837209302
2.48837209302326
2.5
2.53488372093023
2.53488372093023
2.59302325581395
2.59302325581395
2.59302325581395
2.59302325581395
2.6046511627907
2.6046511627907
2.63953488372093
2.73255813953488
2.84883720930233
2.86046511627907
2.8953488372093
2.94186046511628
3.87209302325581
3.90697674418605
4.05813953488372
4.06976744186046
4.09302325581395
4.1046511627907
4.13953488372093
4.13953488372093
4.13953488372093
4.17441860465116
4.17441860465116
4.18604651162791
4.20930232558139
4.33720930232558
4.33720930232558
4.37209302325581
4.37209302325581
4.3953488372093
4.3953488372093
4.41860465116279
4.44186046511628
4.48837209302326
4.48837209302326
4.48837209302326
4.53488372093023
4.53488372093023
4.54651162790698
4.56976744186046
4.6046511627907
4.6046511627907
4.62790697674419
4.63953488372093
4.63953488372093
4.67441860465116
4.69767441860465
4.70930232558139
4.72093023255814
4.72093023255814
4.76744186046512
4.76744186046512
4.77906976744186
4.7906976744186
4.7906976744186
4.80232558139535
4.80232558139535
4.80232558139535
4.87209302325581
4.90697674418605
5.04651162790698
5.08139534883721
5.08139534883721
5.08139534883721
5.09302325581395
5.09302325581395
5.09302325581395
5.1046511627907
5.1046511627907
5.12790697674419
5.13953488372093
5.15116279069767
5.15116279069767
5.16279069767442
5.18604651162791
5.19767441860465
5.19767441860465
5.20930232558139
5.22093023255814
5.23255813953488
5.31395348837209
5.36046511627907
5.3953488372093
5.3953488372093
5.40697674418605
5.41860465116279
5.43023255813953
5.46511627906977
5.47674418604651
5.48837209302326
5.5
5.52325581395349
5.53488372093023
5.54651162790698
5.55813953488372
5.59302325581395
5.6046511627907
5.61627906976744
5.62790697674419
5.63953488372093
5.67441860465116
5.68604651162791
5.70930232558139
5.70930232558139
5.70930232558139
5.72093023255814
5.73255813953488
5.80232558139535
5.83720930232558
5.83720930232558
5.83720930232558
5.84883720930233
5.86046511627907
5.86046511627907
5.87209302325581
5.87209302325581
5.87209302325581
5.88372093023256
5.90697674418605
5.90697674418605
5.90697674418605
6.04651162790698
6.08139534883721
6.08139534883721
6.09302325581395
6.11627906976744
6.12790697674419
6.15116279069767
6.16279069767442
6.17441860465116
6.17441860465116
6.18604651162791
6.20930232558139
6.20930232558139
6.22093023255814
6.24418604651163
6.25581395348837
6.30232558139535
6.33720930232558
6.36046511627907
6.36046511627907
6.37209302325581
6.37209302325581
6.38372093023256
6.38372093023256
6.3953488372093
6.3953488372093
6.40697674418605
6.40697674418605
6.41860465116279
6.43023255813953
6.44186046511628
6.48837209302326
6.5
6.5
6.52325581395349
6.54651162790698
6.55813953488372
6.55813953488372
6.56976744186046
6.6046511627907
6.61627906976744
6.61627906976744
6.62790697674419
6.67441860465116
6.70930232558139
6.72093023255814
6.75581395348837
6.75581395348837
6.80232558139535
6.80232558139535
6.83720930232558
6.83720930232558
6.84883720930233
6.90697674418605
6.90697674418605
6.94186046511628
6.95348837209302
7
7.03488372093023
7.04651162790698
7.04651162790698
7.05813953488372
7.08139534883721
7.08139534883721
7.09302325581395
7.09302325581395
7.1046511627907
7.12790697674419
7.13953488372093
7.15116279069767
7.15116279069767
7.17441860465116
7.19767441860465
7.22093023255814
7.23255813953488
7.27906976744186
7.27906976744186
7.2906976744186
7.32558139534884
7.36046511627907
7.44186046511628
7.46511627906977
7.47674418604651
7.48837209302326
7.54651162790698
7.67441860465116
7.72093023255814
7.98837209302326
7.98837209302326
8
8
8
8
8.01162790697674
8.01162790697674
8.01162790697674
8.01162790697674
8.01162790697674
8.02325581395349
8.02325581395349
8.03488372093023
8.03488372093023
8.03488372093023
8.04651162790698
8.04651162790698
8.04651162790698
8.04651162790698
8.05813953488372
8.06976744186047
8.06976744186047
8.06976744186047
8.06976744186047
8.06976744186047
8.08139534883721
8.09302325581395
8.1046511627907
8.1046511627907
8.1046511627907
8.11627906976744
8.12790697674419
8.12790697674419
8.13953488372093
8.15116279069767
8.15116279069767
8.15116279069767
8.15116279069767
8.16279069767442
8.16279069767442
8.16279069767442
8.17441860465116
8.17441860465116
8.17441860465116
8.18604651162791
8.18604651162791
8.18604651162791
8.19767441860465
8.2093023255814
8.2093023255814
8.2093023255814
8.22093023255814
8.24418604651163
8.25581395348837
8.25581395348837
8.26744186046512
8.27906976744186
8.27906976744186
8.2906976744186
8.33720930232558
8.34883720930232
8.36046511627907
8.37209302325581
8.40697674418605
8.40697674418605
8.40697674418605
8.41860465116279
8.43023255813953
8.43023255813953
8.43023255813953
8.44186046511628
8.44186046511628
8.45348837209302
8.45348837209302
8.46511627906977
8.51162790697675
8.52325581395349
8.52325581395349
8.53488372093023
8.53488372093023
8.62790697674419
8.66279069767442
8.67441860465116
8.67441860465116
8.72093023255814
8.75581395348837
8.75581395348837
8.75581395348837
8.75581395348837
8.76744186046512
8.77906976744186
8.77906976744186
8.7906976744186
8.7906976744186
8.80232558139535
8.80232558139535
8.81395348837209
8.82558139534884
8.83720930232558
8.83720930232558
8.84883720930232
8.84883720930232
8.86046511627907
8.87209302325581
8.87209302325581
8.87209302325581
8.87209302325581
8.87209302325581
8.87209302325581
8.88372093023256
8.88372093023256
8.8953488372093
8.90697674418605
8.90697674418605
8.91860465116279
8.93023255813953
8.93023255813953
8.93023255813953
8.93023255813953
8.93023255813953
8.95348837209302
8.95348837209302
8.96511627906977
8.96511627906977
8.97674418604651
8.97674418604651
8.98837209302325
8.98837209302325
9
9
9.01162790697675
9.02325581395349
9.02325581395349
9.03488372093023
9.03488372093023
9.03488372093023
9.03488372093023
9.04651162790698
9.04651162790698
9.04651162790698
9.04651162790698
9.04651162790698
9.05813953488372
9.05813953488372
9.05813953488372
9.05813953488372
9.06976744186046
9.06976744186046
9.06976744186046
9.06976744186046
9.06976744186046
9.08139534883721
9.08139534883721
9.08139534883721
9.1046511627907
9.1046511627907
9.11627906976744
9.12790697674419
9.12790697674419
9.12790697674419
9.12790697674419
9.13953488372093
9.15116279069767
9.15116279069767
9.15116279069767
9.15116279069767
9.16279069767442
9.16279069767442
9.16279069767442
9.17441860465116
9.17441860465116
9.19767441860465
9.2093023255814
9.22093023255814
9.22093023255814
9.23255813953488
9.27906976744186
9.30232558139535
9.31395348837209
9.33720930232558
9.34883720930232
9.34883720930232
9.37209302325581
9.37209302325581
9.37209302325581
9.38372093023256
9.38372093023256
9.3953488372093
9.3953488372093
9.41860465116279
9.41860465116279
9.41860465116279
9.43023255813953
9.43023255813953
9.44186046511628
9.45348837209302
9.48837209302325
9.48837209302325
9.51162790697675
9.53488372093023
9.53488372093023
9.54651162790698
9.56976744186046
9.58139534883721
9.6046511627907
9.69767441860465
9.69767441860465
9.74418604651163
9.76744186046512
9.76744186046512
9.77906976744186
9.7906976744186
9.80232558139535
9.81395348837209
9.82558139534884
9.83720930232558
9.84883720930232
9.84883720930232
9.84883720930232
9.87209302325581
9.88372093023256
9.88372093023256
9.91860465116279
9.91860465116279
9.93023255813953
9.93023255813953
9.93023255813953
9.95348837209302
9.96511627906977
9.96511627906977
9.96511627906977
9.97674418604651
9.98837209302325
10.0348837209302
10.0348837209302
10.0348837209302
10.046511627907
10.046511627907
10.046511627907
10.046511627907
10.0581395348837
10.0581395348837
10.0697674418605
10.0813953488372
10.0813953488372
10.1162790697674
10.1162790697674
10.1395348837209
10.1511627906977
10.1511627906977
10.1860465116279
10.1976744186047
10.2093023255814
10.2325581395349
10.2441860465116
10.2441860465116
10.2790697674419
10.2906976744186
10.3023255813953
10.3139534883721
10.3372093023256
10.3604651162791
10.3720930232558
10.3837209302326
10.3953488372093
10.3953488372093
10.453488372093
10.453488372093
10.4883720930233
10.5116279069767
10.5348837209302